gaborResponse=[
2.384186E-07 3.83325 5.872813 -2.51692 2.384186E-07 2.377091 -3.965431 9.536743E-07 -1.817776 0 6.152471 -3.495723 -4.768372E-07 1.398289 -3.701069 5.551604 -2.516921 -4.768372E-07 5.173669 -2.936407 9.536743E-07 2.51692 -4.194866 -9.536743E-07 -0.9788027 0 5.872813 -3.495722 2.384186E-07 2.656749 -4.229794 4.494155 -1.677946 4.768372E-07 6.432129 -5.173669 0 4.194867 -6.711786 -1.430511E-06 0.4194865 -2.384186E-07 5.313498 -4.754183 2.384186E-07 4.474524 -6.571958 4.768372E-07 0.8389733 0 6.711786 -5.593155 -4.768372E-07 4.474524 -7.410932 -4.768372E-07 1.118631 -4.768372E-07 4.474524 -5.173668 0 5.453327 -6.851617 -9.536743E-07 0.8389735 -7.152557E-07 5.872814 -5.173669 -4.768372E-07 4.614354 -6.851615 -4.768372E-07 0.6991444 -4.768372E-07 6.012642 -5.173668 4.768372E-07 4.614353 -6.991445 4.768372E-07 -0.1398287 -2.384186E-07 6.571959 -5.313498 0 4.334696 -6.991445 -4.768372E-07 0.8389735 2.384186E-07 5.815965 -5.453327 ;
4.494155 4.204342 2.907056 -1.473592 0.9811912 -0.2525628 -0.09697866 2.889406 -1.526142 1.426687 2.483112 -2.109046 0.1792798 0.01302981 0.5541744 3.015737 -2.188833 0.5758228 2.173698 -1.870135 0.9292669 0.02452469 -1.68315 0.167578 -1.56207 0.9870429 2.581016 -2.109046 1.328783 0.3236809 0.9839721 2.863955 -2.078943 1.456039 3.369978 -3.441631 1.62742 1.715983 -3.51901 1.553017 -0.7105932 0.2448587 2.871068 -3.189995 1.010543 1.740461 -3.350601 1.05272 -0.4733777 0.532722 3.467364 -3.770445 0.8284836 1.74046 -3.600287 1.465888 -0.3395362 -0.09000683 2.396636 -3.622764 1.334634 2.464084 -3.723644 0.8862603 -0.5827398 0.5131211 3.13875 -3.514085 0.953789 1.88029 -3.578738 1.071295 -0.5767522 0.212533 3.278578 -3.751955 0.6532018 1.843835 -3.674691 0.7707074 -0.9418206 1.159351 3.436898 -3.610039 1.467839 1.819356 -3.674691 1.926059 -0.4004688 0.9821186 2.990285 -4.140976 ;
5.03384 2.883044 0.2106299 0.354465 0.5304303 -1.222053 1.670425 0.4621217 0.8410156 0.7373559 0.1986871 0.04310131 0.276161 0.1223316 0.7432067 -0.2233076 -0.3201895 0.771632 0.1556835 0.1606061 0.6824567 -0.7785077 1.76833 0.0655787 1.301185 1.91231 1.590999 1.256232 1.424639 1.28651 1.789881 -0.04349613 0.8556902 1.093772 0.2041135 0.499372 1.096648 0.8086882 1.719377 1.390363 -0.3682146 0.9723661 0.006777763 -0.6050782 1.051597 0.003803253 1.324785 0.9448683 -0.1616306 0.9958677 -0.2027817 -0.4532962 0.9879682 0.04002953 1.429564 1.042772 -0.281085 0.420141 0.4091721 -0.4817224 1.695877 -0.2497826 0.4974215 1.131661 1.375589 0.9831414 -0.08722687 -0.3749924 1.25038 -0.1176028 1.286608 1.160277 -0.4152174 0.4416916 0.008727551 -0.3152647 0.685431 -0.1773305 0.7578828 0.6912816 -0.105803 0.8362842 0.1306782 0.7147822 1.333609 0.5844536 1.538244 1.563123 0.9682703 0.9253643 0.1132421 0.5522258 ;
-1.982715 0.05572987 0.4592452 0.5316978 0.08805561 0.7774856 0.8528137 0.4101949 -0.03418016 -0.4093657 -0.1712842 0.3397887 0.1027317 0.1763065 0.3808436 -0.1556821 1.564718 0.3621693 -0.4297957 0.8557882 0.2926908 0.7510083 0.4814739 0.2750404 0.2967842 -0.8595722 -0.8038616 -0.1437099 -0.5777745 0.3408136 0.3710921 -0.2438354 0.8764117 -0.242908 -0.09298015 -0.1292071 -0.5797234 0.6756787 -0.5884521 -0.670754 0.330039 -0.03827381 0.5865028 0.676604 0.02442837 0.8361869 0.5551984 0.1644104 0.3153613 -0.2066822 0.8674903 1.194175 0.2554393 0.6864536 0.2663126 -0.3397892 0.4945452 0.6549573 0.7363327 0.8520038 -0.2017574 0.007898569 0.4210668 -0.2027822 0.3114605 -0.4798689 0.8998165 0.7072408 -0.1665545 0.7393067 0.646229 -0.2086325 0.4583182 -0.360414 -0.09102964 -0.1732352 -0.2625089 0.7030802 0.646229 -0.281086 -0.02340436 0.03612947 -0.0313015 -0.2456884 -0.7403307 0.679579 -0.6589537 -1.208302 -0.3239932 -0.319263 0.1537325 -0.8449161 ;
0 0.8137105 0.8117592 0.3709941 0.3427627 -0.3074636 -1.295434 0.6619287 -0.6472526 0.966418 0.2007334 -0.7647586 0.3192635 -0.1588473 0.04207754 0.6345277 -0.8969388 0.008825302 0.8040996 0.05377913 0.3358886 0.07830381 -0.4611945 0.2888875 -0.395617 -0.1576328 0.3995175 -0.6727042 -0.3328183 0.2535865 -1.429564 -0.7890878 -0.9928927 0.1919091 0.8225346 -0.6580281 0.6884046 0.2212608 -0.5209227 0.4426191 -0.1224294 -0.4415948 0.02155066 -0.2918615 0.2507093 -0.4728968 -0.7461815 0.2370574 -0.1567066 -0.2369609 -0.2368636 -0.8479872 0.1195543 0.2791305 -0.5385733 0.5131218 -0.4279423 -0.09790492 -0.1562116 -0.9018631 0.06372571 -0.08488297 -0.06372643 0.611026 -0.01764989 -0.6716809 -0.01585507 -0.680603 0.3369124 -0.5843205 -0.8479862 0.3574395 -0.2673364 -0.09400392 0.1978564 -0.6208749 0.7696834 0.3530929 -0.3554893 0.2614851 -0.2653861 0.206584 0.2448592 -0.680603 0.708005 0.1583195 -0.06957626 0.570899 -0.529748 0.3603163 0.4825275 -1.573545 ;
1.321811 -0.7068832 -1.551993 -0.3651428 -0.5433998 -0.6179018 0.4445689 0.1615324 0.5953281 0.214483 -0.2967854 1.191676 -0.684406 -0.6610026 0.4700205 -0.6237516 0.3583658 -0.09688115 -1.750777 0.4631453 -0.2682626 -0.5747995 0.5042961 -0.2585111 0.8165874 0.9096649 0.2388134 0.9223902 -0.3495407 -0.1831818 0.5405228 -0.495472 0.4073184 0.5581734 -0.8078594 0.1547556 -0.1757562 -0.06372452 0.5630977 0.390595 0.3329144 -0.00975132 -0.8617368 0.3906915 -0.2682624 -0.8753891 -0.3093152 0.01467609 -0.07440281 0.216434 -0.5131216 0.03335047 -0.2682626 -0.7207303 0.8479865 -0.3643136 -0.02545071 0.03232598 -0.6110263 -0.5012248 -0.454319 -0.1596808 0.5141454 -0.4335697 -0.4435456 0.4827459 -0.3574395 0.223309 -0.3530934 -0.9380898 0.7168293 -0.4622197 -0.1703572 0.2673366 -0.3574395 0.6560781 -0.3530931 -0.505321 0.7168293 0.006776333 0.2859128 0.2781117 -0.4387174 0.4661205 0.2926881 -0.2155066 0.7168298 -0.0086236 0.3710904 0.4024906 -0.4201407 -0.6657321 ;
-3.040164 0.3308668 1.540194 0.6257021 -0.9909434 0.1704555 -0.5309579 -0.5071735 0.6522958 -1.008593 0.5620737 -0.8704939 -0.9234142 0.5141456 -0.1390553 0.4122436 0.5249693 -1.113373 0.651154 0.2888865 -0.7628083 0.2037072 -0.9858437 -0.6785541 -0.5227766 -0.5904999 0.4122429 0.2781117 -0.7735834 0.9870429 -0.298676 1.202355 0.4044418 -0.108778 0.3035629 -0.5052242 -0.6179018 -0.8742664 -1.85035 -1.323761 0.1978569 -0.1489048 0.5189731 0.2311096 -0.6267266 0.01477408 -0.002974033 0.3083894 0.03827381 -0.3515887 0.3760161 0.2261853 -0.6864543 0.2370579 0.1762092 -0.4112186 0.5689485 -0.643352 0.6228251 0.3005888 -0.08035183 0.5620744 -0.1239743 -0.676605 0.01282287 0.1790853 0.6414022 -0.285913 -0.7393069 0.5630984 0.2456884 0.09102917 0.324187 -0.06177521 0.6051755 -0.2859116 -0.7393074 0.4906445 0.2456889 0.03130221 9.727478E-05 -0.8294106 -0.05377793 -0.7225833 -0.7158065 -0.6177063 -1.650116 -1.466718 0.2644591 -0.9126387 0.3173115 0.066921 ;
0 2.867856 0.7333589 0.1790862 0.5532496 -0.2233086 -0.3779664 0.4857197 -0.1812305 0.4876699 0.0489521 -0.2987351 0.4211652 -0.0773778 0.2535868 -0.3739696 -0.6502266 0.4152167 0.7171071 -0.1116543 0.495471 0.3152652 -0.3417397 0.1489043 0.2241378 -0.004826784 0.1811335 -0.6022019 -0.1203818 -0.3182378 -0.2585123 -0.4121449 0.07430696 -0.5531509 0.5198996 0.3964458 -0.2153127 -0.7647586 0.6324797 0.1215034 -0.1107273 0.3026359 0.208534 -0.1351557 -0.00380373 0.138032 0.6050782 -0.006777763 0.325943 0.3427634 0.146857 -0.2037082 -0.07625628 0.1781592 0.4895234 0.2390079 0.07235622 0.4279425 -0.5522251 0.6922078 0.1900554 -0.5062466 0.5052228 0.8401856 0.9143944 0.3319879 0.005851269 -0.09697771 0.1176026 0.01170254 0.4112191 -0.008728266 0.3513942 0.4152174 -0.4866459 -0.5659742 0.1176023 -0.4935207 0.3749931 0.01477337 0.184937 0.2017572 -0.04207754 0.04495478 0.02359843 -0.5816751 0.3749926 0.2282331 -0.5376468 0.8714876 0.1175048 -1.372811 ;
