x=[1:1152];
gaborResponse=[
0.198476250220787,0.599877140004901,0.446108513532001,0.222202055661682,0.111761583110215,0.0960180553998046,0.0888780698418169,0.0848481819605383,0.0805505329054929,0.0786403922486761,0.0761240623195827,0.0732685782927015,0.0717414248143586,0.0695921897743284,0.0684170447647281,0.0671324490969175,0.0657320134072602,0.0642870503111404,0.0631899638566615,0.0620709443758316,0.060621409130195,0.0599041814096922,0.05863550991375,0.0575935522150571,0.0567500832517338,0.0565218883807324,0.0553491313762514,0.0541889436336256,0.0536025905087255,0.0526868879267741,0.0517509143191163,0.0512224467778106,0.0505934549138554,0.0499040798552032,0.0490943357624268,0.0484290055193125,0.0479510638761549,0.0471244043175748,0.0469237337643452,0.0465146122218527,0.045589573380531,0.045112751346005,0.0444115807069419,0.0442652528108661,0.0436582510500813,0.0431535003365359,0.0425519407245254,0.0423707664741622,0.0418591352648369,0.0412968550275682,0.0410539797441654,0.0403818469544786,0.040329351986563,0.0395543394923494,0.0391117954738677,0.0387547303501305,0.0383208350887368,0.0381080505479249,0.0373644361582895,0.0373141176474206,0.0367661434931933,0.0363655436828593,0.036300164545824,0.0357929498333502,0.0353472382202976,0.0351703207448647,0.0348195169261395,0.034519633068477,0.0343364014063313,0.0340698916547101,0.0335419777387248,0.0333155598203024,0.032895641687705,0.0328971144133743,0.032443078389525,0.0320960509605531,0.0319694270298988,0.0317784186383257,0.0314679939668432,0.0312352040519581,0.031078209954229,0.030911251351632,0.0307677371197298,0.0303843355202732,0.0301133562153985,0.0298773554824257,0.0296416993764586,0.0294651186140189,0.0289582359121539,0.0289487294860871,0.0289014282270143,0.0285939385436629,0.0283816619541916,0.0281651430740315,0.0278416916536318,0.0276365866645987,0.027556036260733,0.0272338109663853,0.0271520337369145,0.0268659503033189,0.0267258074288455,0.0265926941105528,0.026397879048977,0.0262427269400372,0.0259985709280272,0.0259564941655497,0.0257997969551633,0.0255916664687024,0.0254813837572679,0.0253096584557646,0.0251679982469205,0.0250114921516579,0.0248699356746372,0.0248785052008816,0.0245960803252305,0.0245211349879804,0.024197823972808,0.0240414795664045,0.0239681588953853,0.023720925846129,0.0236653996595676,0.0235719906451199,0.0234779915000064,0.023341365074923,0.0232515183112075,0.0230635539569473,0.022900190182384,0.0228182134539572,0.0226054965508684,0.0225820628695583,0.0225493109441929,0.0221952112550012,0.022214087681665,0.0220950592546183,0.0220340636709968,0.0219120315184768,0.0219004961680858,0.0217983172646525,0.0216044847910781,0.0215463792498896,0.0213363752800913,0.0213313547086102,0.0212488559084322,0.0210055671622591,0.0211168204387833,0.0209096780178526,0.0206788884853495,0.0205867435726008,0.0206734371226085,0.0203781442738533,0.0203310171667429,0.0201574698029018,0.0201001474161886,0.0199402863707307,0.0199704610198526,0.0198609681614732,0.0197653271633439,0.0195583645900344,0.0195021622935325,0.0194593803298889,0.0194381821011011,0.0192435150871907,0.0192312601966881,0.0191460996947656,0.01906168444578,0.01887230033399,0.0188205872314903,0.0187909760844368,0.018669783376287,0.0185787681857854,0.0185163382530187,0.0183325767166802,0.0183777295667388,0.0182581931923699,0.0183389898609163,0.0180083485177923,0.0180246627819092,0.0180067447211188,0.0178606861833599,0.0179058585080767,0.0177867076520653,0.017586619144489,0.0175499854860411,0.017420808816456,0.0174383843384707,0.0173332597176394,0.0172859435926355,0.0172390396429272,0.0170879369432384,0.0170323605637012,0.0170047371020146,0.0169612647331707,0.0169801689145961,0.0169162422549003,0.0168219410329701,0.0167962015233939,0.0166933669392794,0.016538587936639,0.0165370964719548,0.0163177066305648,0.0162498869799048,0.0161961854556085,0.0162345749493862,0.0161282532162141,0.0159932765786359,0.0160941291221081,0.0159599192107368,0.0158643158304443,0.015802131877993,0.0158545269538602,0.0156397555287912,0.0155070943633027,0.0155140266188101,0.0154878592552572,0.0154341882420161,0.0154677152749946,0.0154221449987342,0.0153314467364354,0.0152739418702013,0.0152589043764447,0.0151720555197233,0.0151256035366432,0.015074363462749,0.0149464136219422,0.0149767650041733,0.0149244666922095,0.0148724557453252,0.014775609047347,0.0147673850631188,0.0146829656622973,0.0147260549032032,0.0146037354505108,0.0146161637982971,0.0145099479300385,0.0145074332868834,0.0144067523891564,0.0143949059719981,0.0144318145091226,0.0142609817504117,0.0142926917479475,0.0142503752587619,0.0142352114714908,0.0141229442370539,0.0140943653898139,0.0141622135702228,0.0140027885069672,0.0140505690699279,0.0139328317187962,0.0139268432780968,0.0137691248910784,0.0137737132757802,0.013744380287506,0.0137810338362435,0.0136389810533776,0.0135693253442501,0.0136394460645492,0.0135544683577283,0.013547855610507,0.0134810070436688,0.0133810988151173,0.0134948851507939,0.0133856249047162,0.0132833756125188,0.0132879475666466,0.0132455439432595,0.0132881625471096,0.0131945856235317,0.0132126806025687,0.0132700952084126,0.013082681012159,0.0130535396602133,0.0131326248694298,0.0130799877952931,0.012894015722496,0.0130380289218305,0.0130074546255856,0.0129930811329402,0.0129640089278294,0.0127553016054741,0.0128220547767803,0.0127142710776261,0.0128050771139822,0.0127148353212611,0.0127072650153709,0.012731027755002,0.0126962371061357,0.0124842564748477,0.0125836273685148,0.0126389472506788,0.0126143432358068,0.012627344755147,0.0125809068963208,0.0125332372923852,0.012452019620507,0.0124168354564289,0.0123726273951899,0.0123457654010489,0.0123459939083238,0.0122900567996938,0.0122748807054417,0.0122828127790756,0.0121997028573054,0.0121739637111359,0.0123103130332953,0.0121573168227042,0.0120422759258905,0.012135615601317,0.0120019134153746,0.0120579778658074,0.0120411066365475,0.0119289864209102,0.0118962448180075,0.0118719208721942,0.0119083616449253,0.0118889617565137,0.0118672960358881,0.011849316289274,0.0117784879087252,0.0118654167797116,0.0117106181636877,0.0116932277318274,0.0117038556952344,0.0115376039682483,0.0116109914780478,0.0115673139420836,0.0114910284871505,0.0115255629937534,0.0115170003752344,0.0114401638602778,0.0114862443249369,0.0113687039220953,0.0114039065712267,0.0113720970821501,0.0112798805419797,0.0112227422137062,0.0112002710172128,0.0112329198909201,0.0110926561665784,0.0111644293818672,0.0111222616562704,0.0111093499400634,0.0110358440952314,0.0110750266249934,0.0109966635784787,0.0109537456502495,0.0109132576207222,0.0109247421663416,0.010930757861301,0.0109907292884626,0.0108603685259439,0.0108215849400425,0.0108811401534411,0.0107914260644263,0.0107333197726719,0.010849168555969,0.0107936007044071,0.0107260127369665,0.0106594998189498,0.0106878747954207,0.010738203380899,0.0106052675823986,0.0105831456905922,0.0105766028486565,0.0105178289397325,0.0105306323481534,0.0104704663593609,0.0104839934710514,0.0105384792188307,0.0104844056344397,0.0103886574450737,0.0104555714032846,0.0103652664790492,0.0103910954746891,0.0102911178772929,0.0102724813167562,0.010327742317583,0.010313504216891,0.0102112514777262,0.0102098035603649,0.0102620725629077,0.0101852566890028,0.0101651334989802,0.0101527631948412,0.0101650157691916,0.0100776881785556,0.0101230595644777,0.0100175286384315,0.00999952487132552,0.00999074655334063,0.00995173450685214,0.0100032434404393,0.00995087224458714,0.00996364525417971,0.00983395786411934,0.00982434170921535,0.0099728987124094,0.00980369202932474,0.00982740839297986,0.00977845724978051,0.00976902603581771,0.00974787487769889,0.00971453723531356,0.00972869934079825,0.00973326827907974,0.0097458319883387,0.00967804962701924,0.00972662744285655,0.00972207099056337,0.0097256833346279,0.00967867867126568,0.00966850761770254,0.00961232248612796,0.00957034418267692,0.00961407103334935,0.00957290398546794,0.00952516405181895,0.00955941902581659,0.00951785122365152,0.00949488701520234,0.00944907862549315,