gaborResponse=[
0.8004053 1.035136 1.805337 1.034464 1.205237 0.943468 0.9082584 0.8946199 0.9011923 0.88782 0.8866148 0.8876401 0.8545402 0.8882598 0.8677496 0.9431701 1.043261 1.02421 1.038747 1.022486 1.025946 1.010663 0.9804525 1.014827 0.9757459 1.010391 0.9869187 1.010514 1.004489 1.045913 1.063576 1.008823 0.9522033 0.9213907 0.8796235 0.8717692 0.8451853 0.8854646 0.8725581 0.9115249 0.9305215 0.9353805 0.9711121 0.9350766 0.9375726 0.9183847 1.172436 1.050459 1.162655 0.9925201 1.14435 1.004093 1.060417 1.012775 1.014159 1.024925 1.035843 1.049169 1.076641 1.064989 1.113568 1.057889 1.068184 1.038806 1.065201 1.022701 0.9336017 0.9512751 0.8872439 0.94405 0.9469705 0.9478261 0.9062349 0.9413126 0.8812947 0.9492521 0.8554808 0.9474821 0.8304955 0.9534075 0.9211828 0.9536667 0.9325368 0.9567544 0.9416838 0.9567794 0.9862442 1.000358 1.040767 1.052544 1.075683 1.084311 ;
1.051671 1.631389 1.060169 1.084969 1.050374 0.9205973 0.8936564 0.8755322 0.887786 0.8572617 0.8869641 0.8393537 0.8928554 0.8396679 0.8953049 0.8413997 0.9776758 1.014837 0.9826146 1.006986 0.9788209 0.9691963 0.9783311 0.9676925 0.9468401 0.9684889 0.9538372 0.9707964 0.9574117 0.971051 1.003126 1.068763 1.065487 1.069341 1.03211 1.024009 0.9761248 0.9835833 0.9818599 0.9832078 0.9735098 0.982982 0.9682434 0.9891473 0.967728 1.001076 0.9705206 1.04474 0.995116 0.9835535 0.973114 0.9551721 0.9681503 0.9611604 0.9537511 0.9667423 0.9894759 1.00529 1.039974 1.029035 1.083511 1.035807 1.043767 1.022805 1.031806 0.9543081 0.9472176 0.8917807 0.9406219 0.8912859 0.9370399 0.8818274 0.9070691 0.8814961 0.9076853 0.8738542 0.9073083 0.8723893 0.909383 0.8611036 0.9195988 0.8903672 0.9322883 0.9116248 0.9405601 0.9171761 0.9522845 0.9621996 0.9882478 1.000889 1.015122 1.028339 ;
1.642054 1.030783 1.063619 1.03299 1.021394 0.9189941 0.8557584 0.8810331 0.8493551 0.8821235 0.8523547 0.8852773 0.8536721 0.886364 0.8667876 0.8871401 0.9082712 1.011301 1.012393 1.010064 0.9901125 1.009961 0.9779131 1.006571 0.975897 1.006665 0.9851218 1.006004 0.9999208 1.006995 0.9993121 0.9934237 0.9588603 0.9309415 0.9099845 0.9071072 0.8983439 0.9082061 0.9015902 0.917888 0.934083 0.9409543 0.9465074 0.9368343 0.9415315 0.9173232 0.9436314 0.9292623 0.9420211 0.9406329 0.9374598 0.9385934 0.9451141 0.9706181 0.9487706 0.9704813 0.9658153 0.9940098 1.025608 1.000324 1.085598 1.004468 0.9862956 0.9882978 0.9182957 0.9446244 0.8579747 0.944537 0.8880121 0.9404714 0.9134291 0.9397911 0.9062733 0.9411646 0.883131 0.9385758 0.8567654 0.9433135 0.8353954 0.9392686 0.8200753 0.9459795 0.8599162 0.9469312 0.9197782 0.951572 0.9460353 0.9628183 0.9652934 0.9746221 0.9825326 0.9867157 ;
1.056463 1.061509 1.056081 1.050944 0.9963155 0.8302056 0.8578292 0.8210862 0.8656539 0.8294978 0.8744146 0.8356408 0.893295 0.8362091 0.8954121 0.8363673 0.8992651 0.9256331 0.973999 0.9618812 0.9776283 0.9630513 0.9673237 0.9634904 0.9470519 0.9642773 0.9536481 0.9642388 0.957265 0.9687795 0.9758092 0.9883648 0.9733346 0.9762434 0.9512653 0.9758165 0.9476214 0.9753107 0.9453694 0.9705831 0.9345419 0.9683174 0.8927469 0.9685439 0.8889876 0.9564681 0.8878693 0.9398989 0.8782759 0.9369274 0.8714702 0.9358008 0.8887269 0.9389889 0.9335783 0.9376569 0.9529052 0.9496739 1.024102 0.9538767 1.052125 0.9496591 0.9642836 0.9166151 0.9541398 0.8828514 0.9478751 0.882448 0.9408599 0.8819522 0.9344685 0.8789325 0.9092202 0.878145 0.9088827 0.8641931 0.9103542 0.8366535 0.9116769 0.8042514 0.9222316 0.8015229 0.9221958 0.8553312 0.9427817 0.887921 0.9507194 0.9513097 0.9775717 0.9565 0.9775892 0.9562307 ;
1.10349 1.034094 1.060112 1.021898 0.8614749 0.8589317 0.8330808 0.8624778 0.8330177 0.8629184 0.8331549 0.8655337 0.8532417 0.8848755 0.8669195 0.8866301 0.9135531 0.9726009 0.9416589 0.9826553 0.9752667 0.9939039 0.9769675 0.9957309 0.9741027 0.9961507 0.9849734 0.9989164 0.9945616 0.9943513 0.9646968 0.9422728 0.9198436 0.9094414 0.9085061 0.9056183 0.8992314 0.9077278 0.9020751 0.9114047 0.9338869 0.9209886 0.9496685 0.9216383 0.9386371 0.9174159 0.9317527 0.9157653 0.9308617 0.9164439 0.9358532 0.9228148 0.9441151 0.9533764 0.9477015 0.9533978 0.9488265 0.9529261 1.003857 0.9536569 1.049136 0.9470128 0.8875641 0.9459816 0.8393695 0.9424435 0.8394973 0.9380874 0.8879343 0.939537 0.9182184 0.9378595 0.9066163 0.9354371 0.879416 0.9411007 0.8360699 0.9328815 0.7897221 0.9388762 0.7714618 0.9369605 0.7735689 0.9500167 0.8822992 0.9492665 0.8895568 0.9506614 0.9613349 0.9747415 0.9641582 0.9763207 ;
1.075052 1.041694 1.049019 0.8679357 0.8460184 0.810526 0.8482915 0.8210568 0.8654124 0.828333 0.8710286 0.8319038 0.873908 0.8373506 0.8951691 0.8736344 0.9038405 0.9192872 0.958553 0.9271488 0.9616264 0.9347084 0.9546575 0.9373546 0.9468199 0.9374676 0.9488257 0.9400128 0.9479087 0.9249191 0.8967887 0.925931 0.8887833 0.9266454 0.8916388 0.9283613 0.919456 0.928959 0.9371418 0.9326835 0.9236656 0.9488919 0.8916742 0.9505775 0.883741 0.9407045 0.8811744 0.9257132 0.8766599 0.9301604 0.8570163 0.9305219 0.8636628 0.9286752 0.9335259 0.9376066 0.9525419 0.9332759 1.023675 0.9345233 1.024364 0.906528 0.9589781 0.8836437 0.9538556 0.8831445 0.9490398 0.8838964 0.9390861 0.8839949 0.9338721 0.8820768 0.9113206 0.8752488 0.911056 0.8402275 0.9117776 0.812478 0.9156317 0.800514 0.9177696 0.801267 0.9252697 0.8172405 0.9410655 0.8837042 0.9498999 0.8880774 0.9490245 0.9530501 0.964295 0.9642558 ;
1.125591 1.026356 0.8944333 0.8529398 0.8214989 0.8516811 0.8241137 0.8513437 0.8242615 0.862939 0.8220615 0.864204 0.8496532 0.8661451 0.8831167 0.8860868 0.9288079 0.9583788 0.9330556 0.9656797 0.9570916 0.9673679 0.9665381 0.9671458 0.9516931 0.9445795 0.9358641 0.9260451 0.9256864 0.8727626 0.9235048 0.8772128 0.917626 0.8787822 0.9111658 0.8708009 0.8967075 0.8702803 0.8965082 0.894658 0.8985106 0.8872148 0.8991073 0.892184 0.883135 0.8962169 0.8730561 0.9038191 0.8764112 0.9081416 0.9356372 0.9213904 0.9437088 0.9367969 0.9474798 0.9491393 0.9475918 0.9489928 1.003928 0.9503734 1.064311 0.9525757 0.874194 0.9420784 0.8405694 0.9417635 0.840338 0.9399832 0.8882151 0.936714 0.931917 0.9354371 0.9134631 0.9357826 0.8717629 0.9273199 0.8279057 0.9374814 0.7863743 0.9325046 0.771023 0.932924 0.7709428 0.9335487 0.8779895 0.945665 0.8853721 0.9501815 0.8855484 0.9507873 0.9488677 0.968724 ;
1.071189 0.8928437 0.8339143 0.7939532 0.8352004 0.7943857 0.8370203 0.8204523 0.8430402 0.8281587 0.8713884 0.8342222 0.8730437 0.8496623 0.8873085 0.9109373 0.9003993 0.9198115 0.9490001 0.9199139 0.9531641 0.9222403 0.9541343 0.9243186 0.9312739 0.9214576 0.9214559 0.9213365 0.8734052 0.9175701 0.8728085 0.9184349 0.8676037 0.9175909 0.8499504 0.9173377 0.8408217 0.913809 0.8381066 0.9091985 0.8628188 0.907075 0.868336 0.9047884 0.8735375 0.9017884 0.8747814 0.9045496 0.8765999 0.9052957 0.8772184 0.9178856 0.8777525 0.9300786 0.9329602 0.933435 0.9525008 0.937041 1.022602 0.9447119 1.023867 0.9344438 0.9575973 0.8972323 0.9539123 0.885662 0.9491073 0.9114567 0.9350825 0.9107651 0.933239 0.899147 0.9115098 0.898532 0.9119486 0.8398758 0.9131507 0.816232 0.9148279 0.8028162 0.9178869 0.8009089 0.9256087 0.8445331 0.942479 0.8859299 0.949666 0.8882145 0.9511244 0.8961216 0.9489591 0.9489331 ;
