gaborResponse=[
23.56353 26.34855 32.66314 34.86193 33.86972 34.77006 33.6805 34.43971 35.49646 33.08419 33.94605 35.68834 34.47516 35.0433 33.60015 34.97657 36.87316 33.61874 33.48715 34.95572 33.46066 34.49682 33.39671 34.11241 35.31224 32.64512 32.66314 34.21881 32.70515 33.66756 32.60788 33.00744 34.67102 32.41329 33.57951 34.4016 32.24693 34.3083 32.6641 32.27694 34.76099 34.08783 34.67914 35.04664 32.83607 35.22943 33.85322 32.92326 34.66815 33.71965 34.68105 35.40984 32.98872 35.04139 33.12299 32.4133 35.40316 34.65239 34.31307 33.85322 32.14059 35.68642 34.77149 33.11964 34.48632 33.71421 34.49778 34.9519 32.81692 35.13422 33.67281 32.84694 35.12848 34.28421 35.13995 35.68594 33.55328 35.86826 34.31498 33.41693 35.12753 33.25056 33.85561 34.6758 32.31782 34.21594 32.48082 31.90876 34.66959 33.20968 33.66454 34.0322 ;
26.82872 29.54445 33.82751 34.94582 34.5826 34.70528 33.6003 34.37854 35.21589 34.12075 34.64331 35.00457 34.60541 34.99813 34.1197 34.88049 35.46844 34.0371 34.38972 34.75924 34.13581 34.54539 33.51637 34.23416 34.64954 33.36225 33.81868 34.22531 33.67057 34.10044 33.35201 34.05217 34.51008 33.47117 34.67882 34.51268 33.42932 34.83712 33.61335 33.40527 34.50411 34.26573 34.94175 34.65223 33.57027 35.11067 33.92266 33.68811 34.53141 34.10669 34.8471 34.65009 33.59065 34.97289 33.67394 33.47832 34.88343 34.587 34.7668 33.86127 33.11026 35.49593 34.54238 33.76355 34.37278 34.08702 34.90273 34.51292 33.50989 35.11263 33.91705 33.62528 34.72777 34.43862 35.30574 34.99743 34.02786 35.58358 34.28097 33.97688 34.84682 34.09288 34.76268 34.50713 33.38427 34.86465 33.60836 33.30813 34.62778 33.92323 34.45007 33.84642 ;
33.02825 34.00769 34.78219 35.45771 35.81114 35.28404 34.75518 35.37906 35.61987 35.52074 35.16793 34.84053 35.02661 34.97714 34.99539 34.93655 34.63628 34.94656 35.13718 34.86168 35.19458 35.14243 35.02144 35.2716 35.09728 35.34957 35.62941 35.32696 35.5106 35.31628 35.24851 35.46006 35.05309 35.1479 35.65549 35.13236 35.21196 35.70825 35.6265 35.35625 35.07021 35.12053 35.2565 34.91037 34.94649 35.28501 35.07581 35.01233 35.00975 35.15295 35.09474 34.71006 34.81034 35.22131 35.18058 35.12397 34.88758 34.83772 35.18682 35.08871 35.1509 35.06218 34.88868 35.02648 35.18682 35.11216 35.1322 34.8665 34.99615 35.23793 35.11531 35.11725 34.94544 34.88828 34.98291 34.82311 34.92156 35.06669 34.88655 34.94601 35.03082 35.40281 35.48853 35.12387 35.2424 35.66727 35.61552 35.51529 35.1851 35.19051 35.06176 34.27832 ;
34.99334 34.94128 35.3087 35.97993 36.41473 36.39488 36.37502 36.27461 36.13654 35.67069 35.29636 35.13792 35.34779 35.57149 35.78923 35.61122 35.73601 35.88525 35.8716 35.57304 35.77595 36.16946 36.39285 36.07551 36.07702 36.17791 36.1766 35.91884 36.11431 36.41756 36.72124 36.39012 36.26057 35.94788 35.78696 35.55363 35.65162 36.07059 36.39282 35.89871 36.01371 36.11959 35.95414 35.70255 35.7233 36.10918 36.32654 35.83128 35.86293 36.01573 35.94465 35.64079 35.69447 36.04427 36.32852 35.79775 35.60897 35.55722 36.10265 36.52606 36.19282 35.63512 35.49002 35.59599 36.3014 36.3241 35.95132 35.6247 35.74778 36.21288 36.41093 35.79792 35.77832 35.65012 35.3997 35.14112 35.22494 35.62508 35.81837 35.25363 35.4841 35.83547 35.9078 35.64151 35.68965 36.05576 36.24691 35.72771 35.60283 35.63773 35.77176 35.24864 ;
33.98978 34.58097 35.82082 36.3932 36.66505 36.59644 36.16387 36.19123 36.18002 35.82706 35.84262 35.50744 35.66905 36.14221 36.07335 36.1273 36.22071 36.1788 36.45382 36.15763 36.00091 36.33349 36.10875 35.9858 35.87113 35.55407 35.66394 35.48308 35.53407 36.00703 36.00472 35.97427 36.12108 35.89537 36.02977 35.81229 35.73649 36.02466 35.90756 35.81295 36.02986 36.19487 36.31274 36.00267 35.92521 36.33847 36.2359 36.09009 36.02776 36.02647 36.34075 36.02267 35.95534 36.30952 36.18274 35.9753 36.01709 35.94446 36.38949 36.42553 36.18284 36.10251 35.76479 35.9105 36.28971 36.31937 36.33735 35.92943 35.92748 36.4301 36.29498 36.0392 36.09295 35.92875 35.98117 35.61876 35.62901 36.13493 36.03991 35.75485 35.74752 35.66991 36.05261 35.85108 35.73935 35.99038 35.80463 35.75319 35.77138 35.69925 36.17846 35.39411 ;
34.51317 34.76325 35.32888 36.40241 36.57012 35.77767 35.45984 35.88695 36.39152 36.56716 36.24206 36.31049 36.22173 35.86805 35.93156 35.88985 35.70237 35.84375 35.70318 35.79018 35.90718 35.57349 35.71072 35.85205 35.67655 35.65038 35.50395 35.57853 35.59483 35.23498 35.25736 35.31598 35.28587 35.90422 36.02092 36.13977 36.22643 35.98708 35.9921 36.21186 35.8887 35.76332 35.71642 35.87698 35.93849 35.45064 35.51101 35.85279 35.8344 35.78976 35.58993 35.76081 35.88978 35.59874 35.72125 36.03242 35.90795 35.92061 35.56803 35.46144 35.80626 35.76627 35.99188 35.99483 35.52698 35.55545 35.65382 35.92131 36.04687 35.4841 35.46947 35.88464 35.8009 35.92659 35.87283 36.16713 36.31821 35.83083 35.86458 36.20506 35.96827 36.0186 35.90488 36.15673 36.32611 35.94217 35.93743 36.32051 36.04396 36.17826 36.09756 35.36077 ;
33.37643 33.57298 34.89243 36.32003 36.12513 35.45825 35.24522 35.67251 36.19442 36.08218 35.94236 36.57724 36.1443 35.79611 35.78338 35.95236 36.03074 35.55701 35.25359 35.82554 35.55736 35.30624 35.40084 35.56389 35.82723 35.89492 35.84348 36.29326 35.95149 35.74927 35.66778 35.67565 35.69693 35.66494 35.42458 35.90677 35.71153 35.36351 35.28157 35.59489 35.67245 35.45807 35.39215 35.86109 35.62178 35.20472 35.18396 35.43555 35.62049 35.45023 35.39043 35.90171 35.63196 35.27205 35.28092 35.54854 35.91488 35.87501 35.19051 35.08466 35.22281 35.67435 35.9991 35.64256 35.14787 35.12276 35.27945 35.86115 35.66114 35.17606 35.07566 35.3825 35.61098 35.74651 35.79742 36.40545 36.19569 35.76861 35.68978 35.96044 35.91006 35.62841 35.4073 35.97476 35.76216 35.34779 35.25399 35.55133 35.73395 35.83422 35.80989 35.30095 ;
34.40426 34.50301 35.59907 36.27662 36.32189 35.84673 35.48414 35.5338 35.725 35.73352 35.79078 35.66997 35.73432 36.0166 35.8879 35.95331 36.00768 35.92184 36.10894 36.01953 35.77302 35.65633 35.46028 35.35753 35.57323 35.76083 35.93307 35.97032 35.94804 36.18575 36.15745 36.20909 36.24812 35.95556 35.47261 35.60953 35.68367 35.05507 34.96785 35.4304 35.5088 35.59102 35.67897 35.71614 35.92046 35.58681 35.54582 35.89195 35.64675 35.51366 35.82852 35.93839 35.98398 35.52039 35.42448 35.85304 35.85862 35.82611 35.70967 35.56753 35.67994 35.7019 35.68015 35.82665 35.57304 35.65548 35.69945 35.63216 35.75529 35.56126 35.48976 35.71927 35.62464 35.6818 35.85361 35.85167 35.97429 35.75883 35.65113 35.86856 35.61644 35.40868 35.50837 35.53187 35.55484 35.17336 35.06944 35.41619 35.25535 35.49885 36.11121 35.29118 ;
35.49789 35.02495 35.29432 36.27576 36.43673 36.15754 36.01453 35.91739 36.08887 36.09518 35.87099 35.97998 35.76329 35.77138 35.79317 35.52874 35.81808 36.06238 36.00623 36.15869 36.03139 36.09693 36.2137 35.86855 35.90316 35.96796 35.7504 35.83793 35.694 35.91937 36.09911 35.80653 36.14819 36.32471 35.78777 36.15931 36.2865 35.7614 36.00964 36.27692 36.1977 35.98872 35.71443 36.05715 36.28147 35.77585 36.07158 36.21834 36.07694 35.89962 35.77039 36.23815 36.35397 35.76128 35.99882 36.32388 36.03156 35.85027 35.84739 36.52198 36.49781 35.52418 35.63066 36.24688 36.39629 36.20415 35.73685 36.05211 36.23429 35.79067 36.06934 36.31402 36.02638 35.82803 35.51236 35.89012 36.08112 35.58775 35.8229 36.04126 35.95014 35.92356 35.76052 36.14477 36.3348 35.72572 36.00552 36.26991 35.94946 36.07952 36.38913 35.7536 ;
